$coord
            3.8800928243           -5.2028697005           -1.3294516254   C 
            5.5167511472           -4.0802645953            0.7578577899   C 
            6.0857680489           -1.4436963320            0.1722227340   N 
            7.2224990745           -0.5960292974           -1.9919186358   C 
            7.0252293382            1.9630895831           -1.9832584069   C 
            5.7828738545            2.6098701049            0.1897481628   N 
            5.1998841147            0.5232407973            1.4594079689   C 
            4.8351623696            5.1129845742            0.7924275106   C 
          -11.5058247869           -0.1388489530           -0.8303844911   C 
           -8.6840906876           -0.0532163374           -0.4746428493   C 
           -7.5975078663           -0.9691056320            1.7426360159   C 
           -5.0022778653           -0.8637238893            2.0935320840   C 
           -3.4974191359            0.1635607975            0.2168490598   C 
           -4.5372234993            1.0792109595           -2.0006146896   C 
           -7.1347347940            0.9688605351           -2.3414018846   C 
           -0.1797625173            0.3313218630            0.6813919694   S 
            0.4897743190           -1.9086627090            2.1904715680   O 
            0.9693781097            0.3118153811           -1.8444467462   O 
            0.2876306036            2.7061451712            2.0504538792   O 
            3.2697684322           -7.0848984573           -0.7638054139   H 
            4.9291531905           -5.3380896829           -3.0961307279   H 
            2.2254521533           -4.0135605486           -1.6164586487   H 
            7.2973768625           -5.1120838978            0.9688190161   H 
            4.4904327088           -4.0915576700            2.5484606551   H 
            8.0684829417           -1.8590134431           -3.3411878099   H 
            7.6538562065            3.3550481048           -3.3250013030   H 
            4.1566235537            0.4408240257            3.2030170800   H 
            6.2640155714            6.5234669482            0.3372394636   H 
            4.3565688514            5.1771121162            2.7898066176   H 
            3.1231302586            5.4307973706           -0.3117811045   H 
          -12.3120344231           -1.7955623943            0.0929466375   H 
          -11.9951376545           -0.1870641285           -2.8313879660   H 
          -12.3705816902            1.5412557209            0.0021764779   H 
           -8.7900580391           -1.7769166677            3.2022149249   H 
           -4.1444552567           -1.5895063492            3.8049868160   H 
           -3.3213180458            1.8556757414           -3.4535947166   H 
           -7.9634833830            1.6782566770           -4.0779020427   H 
$end
