$coord
           -5.0989262548           -1.1339903337            0.4713262309   C 
           -4.4652595424            1.6708225198            0.6666336183   C 
           -1.8182259751            2.0801120728            0.0092502420   N 
           -0.8906828411            2.3097301354           -2.4035722988   C 
            1.6654703972            2.3247175232           -2.2185803775   C 
            2.2437124340            2.1025915237            0.2942112439   N 
            0.1120618342            1.8557615620            1.6104528958   C 
            4.7408803816            1.6218319942            1.3340681901   C 
            1.0889462095           -3.1836231071           -0.1451793778   N 
           -0.6005246118           -3.9564979888           -1.5076599283   O 
            3.2462887255           -2.9116313786           -0.9423376317   O 
            0.5973135975           -2.5403800276            2.0716383916   O 
           -7.0659285452           -1.4261955560            1.0022974269   H 
           -3.8764177498           -2.2245461317            1.7173218745   H 
           -4.7990471593           -1.8002588534           -1.4510728164   H 
           -4.7521375343            2.3645363451            2.5925624234   H 
           -5.6201141331            2.7941871542           -0.6281942556   H 
           -2.1157657972            2.4368234931           -4.0201264605   H 
            3.1094151643            2.4247092047           -3.6447486358   H 
           -0.0284548360            1.6870953114            3.6296997969   H 
            5.3812039754            3.2502297596            2.4246226335   H 
            6.0300676969            1.2404399550           -0.2186069116   H 
            4.6076077955           -0.0497976655            2.5318826001   H 
$end
