$coord
            4.3679833155            2.8844701151            2.3355610443   C 
            3.2796652369            2.1741897740           -0.2268110329   C 
            0.5418650976            2.2813400305           -0.2360165021   N 
           -0.9487571619            3.4624379182           -1.9946453972   C 
           -3.3482172384            2.6007333629           -1.6522799293   C 
           -3.2685789683            0.9054321014            0.2917492136   N 
           -0.8915302473            0.7042863448            1.1175364175   C 
           -5.3144824852           -0.7044839816            1.1656966900   C 
            0.4520959236           -4.2522276940            0.0030072370   C 
           -1.4298074975           -4.6704868463            1.0999225737   N 
            3.0528708582           -3.6025227348           -1.4934728325   S 
            3.8307885315            4.8049603726            2.8577731107   H 
            6.4209893756            2.7696111003            2.2453245167   H 
            3.7026855581            1.5909752445            3.7929249059   H 
            3.7066945333            0.1140788822           -0.7004729753   H 
            3.9867303639            3.4111926644           -1.7193456420   H 
           -0.1909897528            4.7971625691           -3.3275150855   H 
           -5.0737465224            3.0459680977           -2.6311392156   H 
           -0.2785509907           -0.5090833003            2.6283756872   H 
           -4.5606111080           -2.6459987851            1.2352333022   H 
           -6.8872810981           -0.5739216047           -0.1517545929   H 
           -5.9123217699           -0.1142123555            3.0475394009   H 
$end
