$coord
           -1.8050576597           -5.1245935735           -0.7776017608   C 
           -2.8746909170           -3.6547593857            1.4566010674   C 
           -3.2430175400           -1.0170968949            0.7327904068   N 
           -4.6944531530           -0.1876024460           -1.2422015606   C 
           -4.1928818744            2.3126347590           -1.5354730596   C 
           -2.4573570664            2.9445987445            0.2735916576   N 
           -1.8796285437            0.9003626888            1.6125443009   C 
           -1.0966508329            5.3230844091            0.4101137740   C 
            6.3650740828           -0.6712170038           -1.0684911967   C 
            3.2159794547           -0.0499379100           -0.0368661258   S 
            3.2984158276            2.4424304908            1.1899700021   O 
            1.6258091221           -0.0737675050           -2.3095228149   O 
            2.5796826228           -2.0951279194            1.7358547941   O 
           -3.1786034219           -5.2419382328           -2.3070306025   H 
           -1.3205085599           -7.0268100329           -0.1599818995   H 
           -0.1085400923           -4.1837919262           -1.4645794156   H 
           -1.5306914105           -3.6679687568            3.0229360588   H 
           -4.6864761942           -4.4307518826            2.0845595801   H 
           -5.9485363599           -1.4200277118           -2.2620739513   H 
           -4.9153081212            3.6719877498           -2.8633438438   H 
           -0.5167066076            0.8076941780            3.1191075634   H 
           -2.3854961855            6.8818126317            0.0278749556   H 
            0.4172003893            5.2710169614           -0.9889629834   H 
           -0.2643585878            5.5054557953            2.2800593961   H 
            7.5811708371           -0.6634791713            0.5826272356   H 
            6.9021575425            0.8084930912           -2.3829584375   H 
            6.3808072723           -2.5067573506           -1.9830751547   H 
$end
