$coord
           -3.6594865143           -0.3945115535           -0.2187917781   B 
           -5.8984461301           -1.0217189595           -1.3203884020   F 
           -2.7858763332           -2.3093493547            1.4449132978   F 
           -3.8256186622            1.8865310369            1.1784705973   F 
           -1.7199870856           -0.0306405314           -2.0478695241   F 
            1.8178301952           -4.8882717130           -0.9863035877   C 
            2.7613419997           -3.5234062482            1.3694385214   C 
            3.0025385244           -0.8306223013            0.8194544353   N 
            4.6877625891            0.2409893116           -0.8306546615   C 
            3.9629894644            2.6832535057           -1.1515333880   C 
            1.8608431576            3.0400724057            0.3142730954   N 
            1.2873616325            0.8843434149            1.4675135476   C 
            0.1666251145            5.1989478255            0.2275342922   C 
            3.1868813921           -4.7306489572           -2.5160289847   H 
            0.0334622321           -4.0584603510           -1.5892978321   H 
            1.5248056513           -6.8762883164           -0.5432774937   H 
            4.5986139183           -4.2420763509            1.9871030779   H 
            1.3867901039           -3.7115275053            2.8982506871   H 
            6.2433490911           -0.8018043280           -1.6217511185   H 
            4.7601859293            4.1734513680           -2.2818526733   H 
           -0.2930030897            0.5844588935            2.7119949082   H 
           -1.2330031319            4.8422849814           -1.2453944862   H 
            1.2383965936            6.9058177734           -0.1831598705   H 
           -0.8005867815            5.3600276544            2.0348872358   H 
$end
