$coord
           -5.4205635655           -1.1909514772            1.0595735286   C 
           -5.1308921797            1.4553538109           -0.0419030366   C 
           -2.4996214110            1.9262389750           -0.7280461398   N 
           -1.3852569552            1.2075867811           -2.9528233132   C 
            1.0976324044            1.8294808027           -2.7749231013   C 
            1.4429357107            2.8909790368           -0.4392894178   N 
           -0.7503559651            2.9129272807            0.7975132198   C 
            3.8674548535            3.6758464017            0.5853666749   C 
            4.2683326626           -2.4113254537            0.0684693480   C 
            1.7918535803           -2.9798364235            0.7909954787   C 
            0.8153548514           -1.7393477109            2.8956806102   C 
           -0.0616378287           -0.5113292037            4.4955426862   N 
            0.0615472746           -3.9548732248           -0.9525338660   C 
           -1.4710191185           -4.5548823350           -2.4002100913   N 
            6.2628936757           -1.7189753133           -0.5215761284   N 
           -4.8310085692           -2.6051195122           -0.3171001017   H 
           -7.3941960518           -1.5015302088            1.5523274775   H 
           -4.2588454857           -1.3839922098            2.7484958643   H 
           -5.6905767035            2.8951004838            1.3309753262   H 
           -6.2725471162            1.6772589458           -1.7499505277   H 
           -2.4245982107            0.2699470223           -4.4267669992   H 
            2.6416056505            1.5646883190           -4.0705600889   H 
           -1.0469421692            3.5572928744            2.7030718309   H 
            3.7135737074            3.7850704035            2.6339768592   H 
            4.3846153346            5.5154130492           -0.1876917324   H 
            5.2860066608            2.2655604353            0.0639811800   H 
$end
