$coord
           -5.4236062279           -1.1925766567           -1.0499057516   C 
           -5.1281739587            1.4613458563            0.0312689806   C 
           -2.4971254446            1.9304642122            0.7196146267   N 
           -1.3876512592            1.2144123544            2.9475360059   C 
            1.0958873721            1.8348366807            2.7737275596   C 
            1.4465781447            2.8925116798            0.4373186624   N 
           -0.7441761354            2.9137116428           -0.8041355251   C 
            3.8736031258            3.6790952249           -0.5797709576   C 
            0.8045973394           -1.7507833428           -2.8918896886   C 
            1.7891922618           -2.9843691511           -0.7867821559   C 
            4.2688475342           -2.4145193626           -0.0774473438   C 
            6.2657890356           -1.7193318987            0.5010537521   N 
            0.0648554589           -3.9542736104            0.9652281699   C 
           -1.4622284955           -4.5530313541            2.4194548654   N 
           -0.0808397264           -0.5269286883           -4.4904043160   N 
           -4.2738940629           -1.3965616771           -2.7456701766   H 
           -7.4005762314           -1.5082394062           -1.5261541905   H 
           -4.8233495052           -2.5967512359            0.3323130469   H 
           -6.2726852030            1.6997891449            1.7351540032   H 
           -5.6809245294            2.8918953300           -1.3538401503   H 
           -2.4301677670            0.2798787993            4.4211617293   H 
            2.6361853154            1.5707754972            4.0738492188   H 
           -1.0374561325            3.5559786095           -2.7108440382   H 
            5.2870734540            2.2574031917           -0.0751273733   H 
            4.3983409462            5.5070230923            0.2149245816   H 
            3.7199364881            3.8135144398           -2.6268294629   H 
$end
