$coord
           -5.3867007954           -2.1759830040            0.6615971709   C 
           -5.3112762073            0.6690448951            0.2074759686   C 
           -2.7030953170            1.5567400115            0.2435791958   N 
           -1.3500183699            2.1560273182            2.3778128735   C 
            1.0539249151            2.6334239363            1.6303367076   C 
            1.1232740767            2.2998356619           -0.9384121485   N 
           -1.1466477898            1.5420130481           -1.7454239047   C 
            3.3938954236            2.4090035635           -2.4776759053   C 
            1.0890843871           -3.2912981095           -1.0619208644   C 
           -0.5189429328           -2.8966244938           -2.5348143359   N 
            2.7740596653           -3.7137854108            0.6135848295   N 
            4.3133800568           -2.0135359875            1.4585303157   C 
            5.6328401014           -0.4430316403            2.2549588784   N 
           -7.3339404138           -2.8332855991            0.5584368762   H 
           -4.6148553085           -2.6245482288            2.5161390593   H 
           -4.2574100999           -3.1351301736           -0.7734696659   H 
           -6.3517930661            1.6926441805            1.6708590671   H 
           -6.1149973097            1.1380830760           -1.6377187165   H 
           -2.2124342988            2.2071257195            4.2176162539   H 
            2.7268587169            3.1003258640            2.6889282445   H 
           -1.6809268141            1.2153820771           -3.6762408240   H 
            3.5669911630            4.2718161268           -3.3443527665   H 
            3.2674588531            0.9597208602           -3.9349623736   H 
            5.0142148574            2.0361642625           -1.2579850587   H 
$end
