$coord
            3.8526251608           -0.6057190671           -0.0248452201   B 
            2.3204732666           -1.0477754278           -2.5404220648   C 
            0.9492795836           -1.3215062150           -4.2141774238   N 
            2.4434807787           -2.2589703536            2.0080230553   C 
            1.1674102535           -3.3832661993            3.3711087416   N 
            3.4257858892            2.2457729763            0.7019144275   C 
            2.8996586790            4.3031562450            1.1892792336   N 
            6.7107848860           -1.2935077522           -0.2899681881   C 
            8.8141512189           -1.8006150705           -0.4909112541   N 
           -6.0744632575           -4.1815587119           -0.5626098821   C 
           -3.3009837183           -3.4186622571           -0.5052617165   C 
           -3.0569962253           -0.7512745271            0.1507465888   N 
           -2.8568152027            0.1836507162            2.5509165755   C 
           -2.5115020608            2.7177216990            2.3344046165   C 
           -2.5332926880            3.2623871885           -0.1957705640   N 
           -2.8487642937            1.1362390290           -1.4999530475   C 
           -1.9989671000            5.7379340101           -1.2530921836   C 
           -7.0976894288           -3.0736483471           -1.9653223620   H 
           -6.9415124102           -3.8832219715            1.2812929077   H 
           -6.2173450300           -6.1750918706           -1.0521973571   H 
           -2.4065320827           -3.6826837958           -2.3500380789   H 
           -2.2533061934           -4.4915223928            0.9183034630   H 
           -2.8850046615           -1.0333458035            4.1791367395   H 
           -2.2071491767            4.1566853812            3.7367366690   H 
           -2.8367834687            0.9459766572           -3.5256489208   H 
           -2.1427413801            5.6417189563           -3.3020109744   H 
           -0.0765030460            6.2571173088           -0.6947329029   H 
           -3.3427999934            7.1084353460           -0.5070686007   H 
$end
